Var
  Res:Array[0..100,0..100]Of Extended;
  N,M:Integer;
Begin
Res[0,0]:=0.0;
Res[0,1]:=0.0;
Res[0,2]:=0.0;
Res[0,3]:=3.662109375E-4;
Res[0,4]:=7.987199999999999E-4;
Res[0,5]:=0.0012431412894375858;
Res[0,6]:=0.0016777682351914664;
Res[0,7]:=0.0020914077758789062;
Res[0,8]:=0.0024787950747746845;
Res[0,9]:=0.0028382399999999997;
Res[0,10]:=0.0031700855911820144;
Res[0,11]:=0.0034757386509773665;
Res[0,12]:=0.0037570927771886625;
Res[0,13]:=0.004016199995455177;
Res[0,14]:=0.004255092235939644;
Res[0,15]:=0.004475690424442291;
Res[0,16]:=0.004679763635147303;
Res[0,17]:=0.004868916148108005;
Res[0,18]:=0.00504458951241102;
Res[0,19]:=0.005208072187499999;
Res[0,20]:=0.005360512542556738;
Res[0,21]:=0.005502932865422076;
Res[0,22]:=0.005636243119866462;
Res[0,23]:=0.005761253817418311;
Res[0,24]:=0.005878687727615999;
Res[0,25]:=0.005989190350108194;
Res[0,26]:=0.006093339179189474;
Res[0,27]:=0.00619165184488941;
Res[0,28]:=0.006284593237543313;
Res[0,29]:=0.0063725817283950634;
Res[0,30]:=0.0064559945951840345;
Res[0,31]:=0.0065351727535016835;
Res[0,32]:=0.006610424884645358;
Res[0,33]:=0.006682031040247576;
Res[0,34]:=0.006750245793920726;
Res[0,35]:=0.0068153010009234715;
Res[0,36]:=0.00687740821858294;
Res[0,37]:=0.006936760832920796;
Res[0,38]:=0.0069935359305854615;
Res[0,39]:=0.007047895949707031;
Res[0,40]:=0.0070999901385727674;
Res[0,41]:=0.00714995584697513;
Res[0,42]:=0.0071979196716218325;
Res[0,43]:=0.0072439984740373395;
Res[0,44]:=0.007288300286855298;
Res[0,45]:=0.0073309251222387255;
Res[0,46]:=0.0073719656943148975;
Res[0,47]:=0.007411508065928159;
Res[0,48]:=0.007449632228656397;
Res[0,49]:=0.0074864126238720005;
Res[0,50]:=0.007521918611626733;
Res[0,51]:=0.007556214893278249;
Res[0,52]:=0.007589361893032756;
Res[0,53]:=0.007621416102936729;
Res[0,54]:=0.007652430395295448;
Res[0,55]:=0.007682454306015066;
Res[0,56]:=0.007711534291947487;
Res[0,57]:=0.007739713964954206;
Res[0,58]:=0.007767034305089061;
Res[0,59]:=0.007793533855024006;
Res[0,60]:=0.007819248897600795;
Res[0,61]:=0.007844213618180457;
Res[0,62]:=0.007868460253277282;
Res[0,63]:=0.007892019226801494;
Res[0,64]:=0.007914919275091713;
Res[0,65]:=0.007937187561792326;
Res[0,66]:=0.007958849783519652;
Res[0,67]:=0.007979930267162415;
Res[0,68]:=0.008000452059575178;
Res[0,69]:=0.008020437010346064;
Res[0,70]:=0.00803990584825173;
Res[0,71]:=0.008058878251951652;
Res[0,72]:=0.008077372915419538;
Res[0,73]:=0.008095407608561355;
Res[0,74]:=0.008112999233426437;
Res[0,75]:=0.008130163876379338;
Res[0,76]:=0.008146916856565871;
Res[0,77]:=0.008163272770975592;
Res[0,78]:=0.00817924553637538;
Res[0,79]:=0.0081948484283638;
Res[0,80]:=0.008210094117773478;
Res[0,81]:=0.008224994704628534;
Res[0,82]:=0.00823956174984595;
Res[0,83]:=0.008253806304853298;
Res[0,84]:=0.008267738939280334;
Res[0,85]:=0.008281369766868699;
Res[0,86]:=0.008294708469731618;
Res[0,87]:=0.00830776432108462;
Res[0,88]:=0.00832054620655822;
Res[0,89]:=0.008333062644194433;
Res[0,90]:=0.008345321803220757;
Res[0,91]:=0.00835733152168773;
Res[0,92]:=0.008369099323049318;
Res[0,93]:=0.008380632431759169;
Res[0,94]:=0.008391937787950044;
Res[0,95]:=0.00840302206125859;
Res[0,96]:=0.008413891663852773;
Res[0,97]:=0.008424552762715063;
Res[0,98]:=0.008435011291230345;
Res[0,99]:=0.008445272960124001;
Res[0,100]:=0.008455343267792174;
Res[1,0]:=0.0;
Res[1,1]:=3.662109375E-4;
Res[1,2]:=0.0017003886602652036;
Res[1,3]:=0.0031671524047851562;
Res[1,4]:=0.00449616;
Res[1,5]:=0.005677581214991998;
Res[1,6]:=0.006722993343569012;
Res[1,7]:=0.007647491991519928;
Res[1,8]:=0.008466420125240202;
Res[1,9]:=0.0091940371875;
Res[1,10]:=0.009842980479311238;
Res[1,11]:=0.010424160444959961;
Res[1,12]:=0.010946867278154158;
Res[1,13]:=0.011418960394601272;
Res[1,14]:=0.011847075153177868;
Res[1,15]:=0.012236817099619657;
Res[1,16]:=0.012592932594486406;
Res[1,17]:=0.012919453600752157;
Res[1,18]:=0.013219818295150282;
Res[1,19]:=0.013496970578613283;
Res[1,20]:=0.013753441816693643;
Res[1,21]:=0.013991417902487856;
Res[1,22]:=0.014212794322213606;
Res[1,23]:=0.014419221464471289;
Res[1,24]:=0.014612142010368001;
Res[1,25]:=0.01479282189423534;
Res[1,26]:=0.014962376036103911;
Res[1,27]:=0.015121789812124227;
Res[1,28]:=0.015271937039922575;
Res[1,29]:=0.015413595104452445;
Res[1,30]:=0.0155474577290432;
Res[1,31]:=0.015674145799948747;
Res[1,32]:=0.01579421657575025;
Res[1,33]:=0.015908171551435663;
Res[1,34]:=0.01601646319765765;
Res[1,35]:=0.016119500756023544;
Res[1,36]:=0.016217655239299144;
Res[1,37]:=0.016311263759538515;
Res[1,38]:=0.016400633286148325;
Res[1,39]:=0.016486043918781283;
Res[1,40]:=0.01656775174595944;
Res[1,41]:=0.01664599134884513;
Res[1,42]:=0.016720978000121577;
Res[1,43]:=0.01679290960013176;
Res[1,44]:=0.016861968385946054;
Res[1,45]:=0.01692832244364036;
Res[1,46]:=0.01699212704956871;
Res[1,47]:=0.017053525862649167;
Res[1,48]:=0.017112651986519588;
Res[1,49]:=0.017169628917756002;
Res[1,50]:=0.01722457139409613;
Res[1,51]:=0.017277586154703886;
Res[1,52]:=0.017328772622891012;
Res[1,53]:=0.017378223520331974;
Res[1,54]:=0.01742602542062981;
Res[1,55]:=0.017472259249081256;
Res[1,56]:=0.017517000734623284;
Res[1,57]:=0.017560320819197516;
Res[1,58]:=0.017602286029126238;
Res[1,59]:=0.017642958812537732;
Res[1,60]:=0.017682397846397056;
Res[1,61]:=0.017720658316280412;
Res[1,62]:=0.017757792171667373;
Res[1,63]:=0.017793848359207942;
Res[1,64]:=0.017828873036144582;
Res[1,65]:=0.01786290976582663;
Res[1,66]:=0.017895999697041903;
Res[1,67]:=0.017928181728703516;
Res[1,68]:=0.01795949266126548;
Res[1,69]:=0.01798996733609565;
Res[1,70]:=0.018019638763906647;
Res[1,71]:=0.01804853824323209;
Res[1,72]:=0.018076695469835213;
Res[1,73]:=0.01810413863784783;
Res[1,74]:=0.018130894533358564;
Res[1,75]:=0.018156988621098862;
Res[1,76]:=0.01818244512481244;
Res[1,77]:=0.018207287101837874;
Res[1,78]:=0.018231536512383958;
Res[1,79]:=0.018255214283932595;
Res[1,80]:=0.01827834037116384;
Res[1,81]:=0.01830093381176165;
Res[1,82]:=0.018323012778426507;
Res[1,83]:=0.018344594627391925;
Res[1,84]:=0.018365695943715638;
Res[1,85]:=0.01838633258359257;
Res[1,86]:=0.018406519713915197;
Res[1,87]:=0.01842627184928797;
Res[1,88]:=0.01844560288668442;
Res[1,89]:=0.01846452613792023;
Res[1,90]:=0.018483054360101003;
Res[1,91]:=0.018501199784190302;
Res[1,92]:=0.018518974141831974;
Res[1,93]:=0.018536388690549722;
Res[1,94]:=0.018553454237437258;
Res[1,95]:=0.018570181161443367;
Res[1,96]:=0.018586579434348067;
Res[1,97]:=0.01860265864051858;
Res[1,98]:=0.018618427995527077;
Res[1,99]:=0.018633896363705906;
Res[1,100]:=0.01864907227471032;
Res[2,0]:=0.0;
Res[2,1]:=0.0017003886602652036;
Res[2,2]:=0.004164777149925078;
Res[2,3]:=0.0064094449266975315;
Res[2,4]:=0.008322025057155921;
Res[2,5]:=0.009958258493138188;
Res[2,6]:=0.011366719049361512;
Res[2,7]:=0.012586635054111698;
Res[2,8]:=0.013649958457016232;
Res[2,9]:=0.014582708916323734;
Res[2,10]:=0.01540603405793916;
Res[2,11]:=0.016137123142803342;
Res[2,12]:=0.016789981796093534;
Res[2,13]:=0.017376069076764904;
Res[2,14]:=0.017904809690438443;
Res[2,15]:=0.018384000445725874;
Res[2,16]:=0.018820130797244868;
Res[2,17]:=0.019218635238763014;
Res[2,18]:=0.01958409231650709;
Res[2,19]:=0.019920382069473018;
Res[2,20]:=0.02023081113602042;
Res[2,21]:=0.020518212677828676;
Res[2,22]:=0.020785026629536754;
Res[2,23]:=0.021033364512930794;
Res[2,24]:=0.021265062082442946;
Res[2,25]:=0.02148172232716971;
Res[2,26]:=0.021684750789225642;
Res[2,27]:=0.021875384726479905;
Res[2,28]:=0.022054717317017598;
Res[2,29]:=0.022223717848390823;
Res[2,30]:=0.022383248638348504;
Res[2,31]:=0.022534079281350275;
Res[2,32]:=0.022676898696337443;
Res[2,33]:=0.02281232535809852;
Res[2,34]:=0.022940916021201584;
Res[2,35]:=0.023063173187385665;
Res[2,36]:=0.023179551521094948;
Res[2,37]:=0.023290463380900118;
Res[2,38]:=0.023396283604880806;
Res[2,39]:=0.02349735366410202;
Res[2,40]:=0.02359398527891358;
Res[2,41]:=0.023686463577006312;
Res[2,42]:=0.023775049859247322;
Res[2,43]:=0.02385998402871995;
Res[2,44]:=0.023941486729662332;
Res[2,45]:=0.02401976123577677;
Res[2,46]:=0.02409499512138694;
Res[2,47]:=0.024167361743925666;
Res[2,48]:=0.024237021562060753;
Res[2,49]:=0.02430412331026495;
Res[2,50]:=0.02436880504768941;
Res[2,51]:=0.024431195096713498;
Res[2,52]:=0.02449141288443847;
Res[2,53]:=0.024549569698604883;
Res[2,54]:=0.024605769367892338;
Res[2,55]:=0.02466010887526042;
Res[2,56]:=0.02471267891187788;
Res[2,57]:=0.02476356437823256;
Res[2,58]:=0.024812844838193654;
Res[2,59]:=0.02486059493108964;
Res[2,60]:=0.024906884746253348;
Res[2,61]:=0.024951780163955346;
Res[2,62]:=0.02499534316618627;
Res[2,63]:=0.025037632120348555;
Res[2,64]:=0.025078702038568296;
Res[2,65]:=0.025118604815033276;
Res[2,66]:=0.02515738944349565;
Res[2,67]:=0.025195102216844036;
Res[2,68]:=0.025231786910443466;
Res[2,69]:=0.025267484950760755;
Res[2,70]:=0.025302235570633016;
Res[2,71]:=0.02533607595239587;
Res[2,72]:=0.025369041359963245;
Res[2,73]:=0.02540116526083968;
Res[2,74]:=0.025432479438948375;
Res[2,75]:=0.025463014099070293;
Res[2,76]:=0.02549279796361246;
Res[2,77]:=0.025521858362354103;
Res[2,78]:=0.02555022131575716;
Res[2,79]:=0.02557791161237301;
Res[2,80]:=0.025604952880827005;
Res[2,81]:=0.02563136765681849;
Res[2,82]:=0.02565717744553411;
Res[2,83]:=0.025682402779836088;
Res[2,84]:=0.025707063274555214;
Res[2,85]:=0.025731177677189146;
Res[2,86]:=0.02575476391528041;
Res[2,87]:=0.025777839140724804;
Res[2,88]:=0.025800419771239598;
Res[2,89]:=0.02582252152920155;
Res[2,90]:=0.025844159478047076;
Res[2,91]:=0.02586534805641125;
Res[2,92]:=0.025886101110167533;
Res[2,93]:=0.025906431922517438;
Res[2,94]:=0.025926353242266824;
Res[2,95]:=0.0259458773104152;
Res[2,96]:=0.02596501588517415;
Res[2,97]:=0.02598378026552194;
Res[2,98]:=0.02600218131339329;
Res[2,99]:=0.026020229474595695;
Res[2,100]:=0.026037934798536472;
Res[3,0]:=3.662109375E-4;
Res[3,1]:=0.0031671524047851562;
Res[3,2]:=0.0064094449266975315;
Res[3,3]:=0.009183146059513092;
Res[3,4]:=0.0114871471875;
Res[3,5]:=0.01342496841423687;
Res[3,6]:=0.015072100881096381;
Res[3,7]:=0.016484968189615756;
Res[3,8]:=0.017707119548932043;
Res[3,9]:=0.01877265561767578;
Res[3,10]:=0.019708500219987275;
Res[3,11]:=0.020536063619683635;
Res[3,12]:=0.021272497504038996;
Res[3,13]:=0.0219316478987188;
Res[3,14]:=0.022524779865540696;
Res[3,15]:=0.023061129888901633;
Res[3,16]:=0.023548328565407867;
Res[3,17]:=0.023992725764130193;
Res[3,18]:=0.024399642325726115;
Res[3,19]:=0.024773566224689483;
Res[3,20]:=0.0251183065312316;
Res[3,21]:=0.025437115114381095;
Res[3,22]:=0.02573278352522347;
Res[3,23]:=0.026007720654572488;
Res[3,24]:=0.026264015396604005;
Res[3,25]:=0.026503487539234673;
Res[3,26]:=0.026727729348610903;
Res[3,27]:=0.026938139750291974;
Res[3,28]:=0.027135952583777215;
Res[3,29]:=0.027322260083801522;
Res[3,30]:=0.02749803249499579;
Res[3,31]:=0.027664134536838247;
Res[3,32]:=0.02782133928917392;
Res[3,33]:=0.027970339954506738;
Res[3,34]:=0.02811175986401336;
Res[3,35]:=0.02824616102399062;
Res[3,36]:=0.028374051443870504;
Res[3,37]:=0.02849589144272338;
Res[3,38]:=0.028612099095815323;
Res[3,39]:=0.028723054954373984;
Res[3,40]:=0.028829106148774982;
Res[3,41]:=0.028930569966749847;
Res[3,42]:=0.029027736983051576;
Res[3,43]:=0.02912087380460354;
Res[3,44]:=0.029210225484959693;
Res[3,45]:=0.029296017653491067;
Res[3,46]:=0.029378458397745538;
Res[3,47]:=0.029457739931636823;
Res[3,48]:=0.029534040077286154;
Res[3,49]:=0.02960752358429691;
Res[3,50]:=0.02967834330684461;
Res[3,51]:=0.029746641256103507;
Res[3,52]:=0.02981254954311165;
Res[3,53]:=0.029876191225126133;
Res[3,54]:=0.02993768106677674;
Res[3,55]:=0.029997126225840137;
Res[3,56]:=0.03005462687218605;
Res[3,57]:=0.030110276747358403;
Res[3,58]:=0.03016416367131809;
Res[3,59]:=0.03021637000206843;
Res[3,60]:=0.03026697305318844;
Res[3,61]:=0.030316045473696596;
Res[3,62]:=0.03036365559414542;
Res[3,63]:=0.0304098677423931;
Res[3,64]:=0.030454742532102945;
Res[3,65]:=0.030498337126675837;
Res[3,66]:=0.030540705481019118;
Res[3,67]:=0.030581898563290764;
Res[3,68]:=0.030621964558524836;
Res[3,69]:=0.03066094905584066;
Res[3,70]:=0.03069889522075715;
Res[3,71]:=0.030735843953975692;
Res[3,72]:=0.03077183403785355;
Res[3,73]:=0.030806902271666135;
Res[3,74]:=0.030841083596645363;
Res[3,75]:=0.03087441121168385;
Res[3,76]:=0.030906916680506952;
Res[3,77]:=0.030938630031037143;
Res[3,78]:=0.030969579847605858;
Res[3,79]:=0.030999793356605708;
Res[3,80]:=0.031029296506120845;
Res[3,81]:=0.031058114040022945;
Res[3,82]:=0.031086269566976465;
Res[3,83]:=0.031113785624756023;
Res[3,84]:=0.03114068374024302;
Res[3,85]:=0.031166984485436346;
Res[3,86]:=0.031192707529782277;
Res[3,87]:=0.031217871689102658;
Res[3,88]:=0.031242494971376315;
Res[3,89]:=0.03126659461960732;
Res[3,90]:=0.031290187151993686;
Res[3,91]:=0.03131328839959294;
Res[3,92]:=0.03133591354166439;
Res[3,93]:=0.03135807713885343;
Res[3,94]:=0.03137979316437021;
Res[3,95]:=0.031401075033302396;
Res[3,96]:=0.03142193563019087;
Res[3,97]:=0.03144238733498757;
Res[3,98]:=0.03146244204750459;
Res[3,99]:=0.031482111210456354;
Res[3,100]:=0.03150140583118782;
Res[4,0]:=7.987199999999999E-4;
Res[4,1]:=0.00449616;
Res[4,2]:=0.008322025057155921;
Res[4,3]:=0.0114871471875;
Res[4,4]:=0.014077778617958399;
Res[4,5]:=0.01623470357567444;
Res[4,6]:=0.018054203791763146;
Res[4,7]:=0.019605791887207034;
Res[4,8]:=0.020941731246579262;
Res[4,9]:=0.0221021326491648;
Res[4,10]:=0.02311818169030281;
Res[4,11]:=0.024014383404635343;
Res[4,12]:=0.02481018449309455;
Res[4,13]:=0.025521165067810665;
Res[4,14]:=0.026159922594575617;
Res[4,15]:=0.026736732860126493;
Res[4,16]:=0.02726004821763529;
Res[4,17]:=0.02773687630754872;
Res[4,18]:=0.028173070375870017;
Res[4,19]:=0.028573553719509596;
Res[4,20]:=0.028942494660059513;
Res[4,21]:=0.029283444063736085;
Res[4,22]:=0.02959944427618235;
Res[4,23]:=0.029893116066240365;
Res[4,24]:=0.030166728519407337;
Res[4,25]:=0.030422255611501376;
Res[4,26]:=0.030661422300847382;
Res[4,27]:=0.03088574231463741;
Res[4,28]:=0.03109654930931363;
Res[4,29]:=0.031295022711135254;
Res[4,30]:=0.03148220925942473;
Res[4,31]:=0.0316590410581483;
Res[4,32]:=0.03182635077460707;
Res[4,33]:=0.03198488449474086;
Res[4,34]:=0.03213531264377388;
Res[4,35]:=0.03227823930189432;
Res[4,36]:=0.032414210182309486;
Res[4,37]:=0.032543719489553924;
Res[4,38]:=0.032667215836474334;
Res[4,39]:=0.03278510736668286;
Res[4,40]:=0.032897766203782715;
Res[4,41]:=0.033005532328034604;
Res[4,42]:=0.03310871696434822;
Res[4,43]:=0.033207605551772545;
Res[4,44]:=0.03330246035340831;
Res[4,45]:=0.033393522756400305;
Res[4,46]:=0.03348101530400255;
Res[4,47]:=0.03356514349534735;
Res[4,48]:=0.03364609738324867;
Res[4,49]:=0.03372405299593726;
Res[4,50]:=0.03379917360490744;
Res[4,51]:=0.03387161085792512;
Res[4,52]:=0.03394150579360403;
Res[4,53]:=0.03400898975171916;
Res[4,54]:=0.03407418519152553;
Res[4,55]:=0.034137206428729985;
Res[4,56]:=0.03419816030038205;
Res[4,57]:=0.034257146765763385;
Res[4,58]:=0.03431425945033979;
Res[4,59]:=0.03436958613896235;
Res[4,60]:=0.034423209223750514;
Res[4,61]:=0.034475206111434994;
Res[4,62]:=0.034525649594372404;
Res[4,63]:=0.03457460818895181;
Res[4,64]:=0.034622146444683935;
Res[4,65]:=0.03466832522689115;
Res[4,66]:=0.03471320197558837;
Res[4,67]:=0.034756830942859966;
Res[4,68]:=0.0347992634107855;
Res[4,69]:=0.034840547891747245;
Res[4,70]:=0.03488073031275723;
Res[4,71]:=0.03491985418527055;
Res[4,72]:=0.03495796076179934;
Res[4,73]:=0.034995089180508324;
Res[4,74]:=0.03503127659885332;
Res[4,75]:=0.03506655831721827;
Res[4,76]:=0.03510096789341301;
Res[4,77]:=0.03513453724880918;
Res[4,78]:=0.03516729676681813;
Res[4,79]:=0.035199275384347;
Res[4,80]:=0.035230500676809835;
Res[4,81]:=0.03526099893721721;
Res[4,82]:=0.03529079524981969;
Res[4,83]:=0.035319913558737225;
Res[4,84]:=0.035348376731968265;
Res[4,85]:=0.03537620662113709;
Res[4,86]:=0.03540342411730658;
Res[4,87]:=0.035430049203155206;
Res[4,88]:=0.03545610100179164;
Res[4,89]:=0.03548159782245652;
Res[4,90]:=0.035506557203340935;
Res[4,91]:=0.03553099595173095;
Res[4,92]:=0.03555493018167134;
Res[4,93]:=0.03557837534932533;
Res[4,94]:=0.03560134628619275;
Res[4,95]:=0.035623857230336835;
Res[4,96]:=0.035645921855757115;
Res[4,97]:=0.03566755330003556;
Res[4,98]:=0.035688764190373375;
Res[4,99]:=0.03570956666812645;
Res[4,100]:=0.035729972411939516;
Res[5,0]:=0.0012431412894375858;
Res[5,1]:=0.005677581214991998;
Res[5,2]:=0.009958258493138188;
Res[5,3]:=0.01342496841423687;
Res[5,4]:=0.01623470357567444;
Res[5,5]:=0.018558119281220017;
Res[5,6]:=0.020508014007061363;
Res[5,7]:=0.02216418711259914;
Res[5,8]:=0.023585687003665708;
Res[5,9]:=0.024817269667781205;
Res[5,10]:=0.02589339562089465;
Res[5,11]:=0.026840937157902454;
Res[5,12]:=0.02768108999350912;
Res[5,13]:=0.028430751756297196;
Res[5,14]:=0.02910352966899569;
Res[5,15]:=0.029710485455067978;
Res[5,16]:=0.030260691746502255;
Res[5,17]:=0.030761651889130957;
Res[5,18]:=0.031219619795225556;
Res[5,19]:=0.031639845962663116;
Res[5,20]:=0.0320267684402012;
Res[5,21]:=0.03238416236144963;
Res[5,22]:=0.03271525801779048;
Res[5,23]:=0.03302283483245835;
Res[5,24]:=0.033309296719952995;
Res[5,25]:=0.033576732951068396;
Res[5,26]:=0.03382696764491932;
Res[5,27]:=0.034061600271633415;
Res[5,28]:=0.034282039000096874;
Res[5,29]:=0.03448952831291063;
Res[5,30]:=0.03468517199895473;
Res[5,31]:=0.03486995239643083;
Res[5,32]:=0.03504474657699111;
Res[5,33]:=0.035210340020745835;
Res[5,34]:=0.03536743822242988;
Res[5,35]:=0.03551667658330647;
Res[5,36]:=0.03565862887590826;
Res[5,37]:=0.0357938145152813;
Res[5,38]:=0.03592270482784665;
Res[5,39]:=0.03604572847493136;
Res[5,40]:=0.03616327616061194;
Res[5,41]:=0.03627570473135239;
Res[5,42]:=0.03638334075691467;
Res[5,43]:=0.036486483667330025;
Res[5,44]:=0.03658540850867755;
Res[5,45]:=0.03668036837050892;
Res[5,46]:=0.03677159652957021;
Res[5,47]:=0.0368593083476815;
Res[5,48]:=0.03694370295598111;
Res[5,49]:=0.0370249647530181;
Res[5,50]:=0.03710326474021743;
Res[5,51]:=0.03717876171491092;
Res[5,52]:=0.03725160333831694;
Res[5,53]:=0.03732192709347357;
Res[5,54]:=0.03738986114610977;
Res[5,55]:=0.03745552511972071;
Res[5,56]:=0.037519030794645074;
Res[5,57]:=0.03758048273968632;
Res[5,58]:=0.03763997888374104;
Res[5,59]:=0.03769761103397043;
Res[5,60]:=0.037753465346250036;
Res[5,61]:=0.03780762275294196;
Res[5,62]:=0.037860159352433295;
Res[5,63]:=0.03791114676436513;
Res[5,64]:=0.037960652454022366;
Res[5,65]:=0.03800874002896039;
Res[5,66]:=0.038055469510598676;
Res[5,67]:=0.03810089758320958;
Res[5,68]:=0.038145077822465095;
Res[5,69]:=0.0381880609054714;
Res[5,70]:=0.03822989480401562;
Res[5,71]:=0.038270624962568486;
Res[5,72]:=0.038310294462426404;
Res[5,73]:=0.03834894417323464;
Res[5,74]:=0.03838661289300882;
Res[5,75]:=0.0384233374776593;
Res[5,76]:=0.0384591529609245;
Res[5,77]:=0.03849409266553141;
Res[5,78]:=0.038528188306322146;
Res[5,79]:=0.03856147008601543;
Res[5,80]:=0.038593966784209045;
Res[5,81]:=0.0386257058401732;
Res[5,82]:=0.038656713429933674;
Res[5,83]:=0.038687014538099085;
Res[5,84]:=0.0387166330248451;
Res[5,85]:=0.03874559168843238;
Res[5,86]:=0.038773912323601445;
Res[5,87]:=0.03880161577615824;
Res[5,88]:=0.03882872199403698;
Res[5,89]:=0.038855250075102425;
Res[5,90]:=0.038881218311931996;
Res[5,91]:=0.03890664423379785;
Res[5,92]:=0.03893154464605079;
Res[5,93]:=0.0389559356670919;
Res[5,94]:=0.03897983276310221;
Res[5,95]:=0.03900325078068746;
Res[5,96]:=0.03902620397758254;
Res[5,97]:=0.03904870605154839;
Res[5,98]:=0.03907077016758491;
Res[5,99]:=0.03909240898357261;
Res[5,100]:=0.03911363467444802;
Res[6,0]:=0.0016777682351914664;
Res[6,1]:=0.006722993343569012;
Res[6,2]:=0.011366719049361512;
Res[6,3]:=0.015072100881096381;
Res[6,4]:=0.018054203791763146;
Res[6,5]:=0.020508014007061363;
Res[6,6]:=0.022559691547810474;
Res[6,7]:=0.02429729253251225;
Res[6,8]:=0.025785274895978233;
Res[6,9]:=0.027072078351485156;
Res[6,10]:=0.02819474952837027;
Res[6,11]:=0.02918202378478614;
Res[6,12]:=0.030056469566470824;
Res[6,13]:=0.030836016233029985;
Res[6,14]:=0.03153506023853315;
Res[6,15]:=0.03216527661036804;
Res[6,16]:=0.032736221343844796;
Res[6,17]:=0.03325578360741678;
Res[6,18]:=0.03373052883507533;
Res[6,19]:=0.0341659616890512;
Res[6,20]:=0.03456672956355674;
Res[6,21]:=0.034936781524854056;
Res[6,22]:=0.03527949352938985;
Res[6,23]:=0.03559776788862087;
Res[6,24]:=0.0358941128929712;
Res[6,25]:=0.036170707021852655;
Res[6,26]:=0.03642945108351502;
Res[6,27]:=0.03667201083159967;
Res[6,28]:=0.03689985201389238;
Res[6,29]:=0.0371142693662369;
Res[6,30]:=0.03731641073075062;
Res[6,31]:=0.03750729722373196;
Res[6,32]:=0.03768784018433368;
Res[6,33]:=0.037858855485224184;
Res[6,34]:=0.03802107567011499;
Res[6,35]:=0.0381751602921188;
Res[6,36]:=0.038321704755422945;
Res[6,37]:=0.03846124790622828;
Res[6,38]:=0.03859427857393879;
Res[6,39]:=0.038721241227629;
Res[6,40]:=0.038842540883911245;
Res[6,41]:=0.03895854737897664;
Res[6,42]:=0.0390695990986305;
Res[6,43]:=0.03917600624469033;
Res[6,44]:=0.039278053703459284;
Res[6,45]:=0.03937600357158042;
Res[6,46]:=0.039470097385983255;
Res[6,47]:=0.0395605580975104;
Res[6,48]:=0.03964759182188562;
Res[6,49]:=0.03973138939673501;
Res[6,50]:=0.039812127769226276;
Res[6,51]:=0.039889971235404845;
Res[6,52]:=0.03996507254936515;
Res[6,53]:=0.04003757391790753;
Res[6,54]:=0.04010760789422049;
Res[6,55]:=0.040175298182331724;
Res[6,56]:=0.0402407603625377;
Res[6,57]:=0.040304102546710345;
Res[6,58]:=0.04036542597125372;
Res[6,59]:=0.04042482553451503;
Res[6,60]:=0.040482390284620376;
Res[6,61]:=0.0405382038629838;
Res[6,62]:=0.04059234490811332;
Res[6,63]:=0.04064488742379561;
Res[6,64]:=0.04069590111526785;
Res[6,65]:=0.040745451696575424;
Res[6,66]:=0.04079360117195257;
Res[6,67]:=0.04084040809375025;
Res[6,68]:=0.040885927799158193;
Res[6,69]:=0.04093021262772582;
Res[6,70]:=0.04097331212147367;
Res[6,71]:=0.041015273209197685;
Res[6,72]:=0.04105614037640379;
Res[6,73]:=0.041095955822161266;
Res[6,74]:=0.04113475960403464;
Res[6,75]:=0.0411725897721367;
Res[6,76]:=0.04120948249324341;
Res[6,77]:=0.04124547216581854;
Res[6,78]:=0.041280591526715586;
Res[6,79]:=0.04131487175025014;
Res[6,80]:=0.04134834254027172;
Res[6,81]:=0.04138103221580476;
Res[6,82]:=0.04141296779077668;
Res[6,83]:=0.0414441750483035;
Res[6,84]:=0.04147467860996132;
Res[6,85]:=0.04150450200043413;
Res[6,86]:=0.04153366770789332;
Res[6,87]:=0.04156219724043468;
Res[6,88]:=0.04159011117886918;
Res[6,89]:=0.04161742922613942;
Res[6,90]:=0.04164417025361101;
Res[6,91]:=0.04167035234446654;
Res[6,92]:=0.04169599283441139;
Res[6,93]:=0.04172110834988395;
Res[6,94]:=0.04174571484394653;
Res[6,95]:=0.04176982763001963;
Res[6,96]:=0.04179346141360913;
Res[6,97]:=0.04181663032216451;
Res[6,98]:=0.041839347933194763;
Res[6,99]:=0.04186162730076003;
Res[6,100]:=0.04188348098044693;
Res[7,0]:=0.0020914077758789062;
Res[7,1]:=0.007647491991519928;
Res[7,2]:=0.012586635054111698;
Res[7,3]:=0.016484968189615756;
Res[7,4]:=0.019605791887207034;
Res[7,5]:=0.02216418711259914;
Res[7,6]:=0.02429729253251225;
Res[7,7]:=0.026099909353888506;
Res[7,8]:=0.027640892667624185;
Res[7,9]:=0.028971664598407748;
Res[7,10]:=0.030131358925365847;
Res[7,11]:=0.03115021079901847;
Res[7,12]:=0.03205189144831867;
Res[7,13]:=0.0328551576536799;
Res[7,14]:=0.033575037899552275;
Res[7,15]:=0.03422369775468681;
Res[7,16]:=0.03481107941539748;
Res[7,17]:=0.0353453800329942;
Res[7,18]:=0.035833413511982486;
Res[7,19]:=0.036280887091066985;
Res[7,20]:=0.03669261491197372;
Res[7,21]:=0.03707268450176642;
Res[7,22]:=0.03742458771471252;
Res[7,23]:=0.03775132459164378;
Res[7,24]:=0.03805548639435365;
Res[7,25]:=0.038339322488757294;
Res[7,26]:=0.0386047945993642;
Res[7,27]:=0.03885362111301378;
Res[7,28]:=0.03908731348454966;
Res[7,29]:=0.0393072063301974;
Res[7,30]:=0.03951448244286365;
Res[7,31]:=0.03971019369679421;
Res[7,32]:=0.03989527860504254;
Res[7,33]:=0.04007057713610458;
Res[7,34]:=0.04023684327425618;
Res[7,35]:=0.040394755713044815;
Res[7,36]:=0.04054492699670293;
Res[7,37]:=0.04068791136523841;
Res[7,38]:=0.040824211512061115;
Res[7,39]:=0.0409542844255326;
Res[7,40]:=0.04107854645572652;
Res[7,41]:=0.04119737772339005;
Res[7,42]:=0.04131112596838657;
Res[7,43]:=0.04142010991883955;
Res[7,44]:=0.041524622249051485;
Res[7,45]:=0.04162493218346669;
Res[7,46]:=0.041721287795028955;
Res[7,47]:=0.0418139180388964;
Res[7,48]:=0.041903034556331;
Res[7,49]:=0.04198883327845118;
Res[7,50]:=0.04207149585524015;
Res[7,51]:=0.04215119093159237;
Res[7,52]:=0.04222807528913621;
Res[7,53]:=0.0423022948699975;
Res[7,54]:=0.04237398569648361;
Res[7,55]:=0.042443274698811206;
Res[7,56]:=0.042510280461414404;
Res[7,57]:=0.042575113897015154;
Res[7,58]:=0.04263787885647394;
Res[7,59]:=0.04269867268143935;
Res[7,60]:=0.042757586705952526;
Res[7,61]:=0.04281470671241784;
Res[7,62]:=0.04287011334670601;
Res[7,63]:=0.04292388249659583;
Res[7,64]:=0.0429760856372737;
Res[7,65]:=0.04302679014718548;
Res[7,66]:=0.04307605959716413;
Res[7,67]:=0.04312395401543229;
Res[7,68]:=0.043170530130794305;
Res[7,69]:=0.04321584159608135;
Res[7,70]:=0.043259939193694606;
Res[7,71]:=0.04330287102489584;
Res[7,72]:=0.04334468268432458;
Res[7,73]:=0.04338541742106834;
Res[7,74]:=0.043425116287478874;
Res[7,75]:=0.043463818276807786;
Res[7,76]:=0.043501560450628196;
Res[7,77]:=0.04353837805691633;
Res[7,78]:=0.04357430463958069;
Res[7,79]:=0.04360937214015278;
Res[7,80]:=0.043643610992286315;
Res[7,81]:=0.04367705020964972;
Res[7,82]:=0.04370971746774566;
Res[7,83]:=0.043741639180140415;
Res[7,84]:=0.04377284056954362;
Res[7,85]:=0.0438033457341399;
Res[7,86]:=0.0438331777095374;
Res[7,87]:=0.04386235852666834;
Res[7,88]:=0.0438909092659454;
Res[7,89]:=0.04391885010795463;
Res[7,90]:=0.04394620038093925;
Res[7,91]:=0.04397297860530973;
Res[7,92]:=0.04399920253539433;
Res[7,93]:=0.04402488919862816;
Res[7,94]:=0.044050054932361755;
Res[7,95]:=0.04407471541845634;
Res[7,96]:=0.04409888571581939;
Res[7,97]:=0.04412258029102198;
Res[7,98]:=0.04414581304712876;
Res[7,99]:=0.044168597350860914;
Res[7,100]:=0.04419094605820321;
Res[8,0]:=0.0024787950747746845;
Res[8,1]:=0.008466420125240202;
Res[8,2]:=0.013649958457016232;
Res[8,3]:=0.017707119548932043;
Res[8,4]:=0.020941731246579262;
Res[8,5]:=0.023585687003665708;
Res[8,6]:=0.025785274895978233;
Res[8,7]:=0.027640892667624185;
Res[8,8]:=0.02922502996561251;
Res[8,9]:=0.03059156656040212;
Res[8,10]:=0.031781351953957614;
Res[8,11]:=0.03282585177001255;
Res[8,12]:=0.03374964054099214;
Res[8,13]:=0.03457215189391192;
Res[8,14]:=0.03530893074494058;
Res[8,15]:=0.03597254309870721;
Res[8,16]:=0.03657324615107016;
Res[8,17]:=0.03711948807325115;
Res[8,18]:=0.037618285155180745;
Res[8,19]:=0.038075509545702095;
Res[8,20]:=0.03849611106093227;
Res[8,21]:=0.03888428983553556;
Res[8,22]:=0.039243631942550275;
Res[8,23]:=0.039577216841899215;
Res[8,24]:=0.03988770319847051;
Res[8,25]:=0.0401773979459336;
Res[8,26]:=0.04044831226536686;
Res[8,27]:=0.04070220726399198;
Res[8,28]:=0.040940631486220735;
Res[8,29]:=0.041164951902321625;
Res[8,30]:=0.04137637965394326;
Res[8,31]:=0.041575991558282094;
Res[8,32]:=0.04176474816078464;
Res[8,33]:=0.04194350896325263;
Res[8,34]:=0.042113045327925806;
Res[8,35]:=0.0422740514596231;
Res[8,36]:=0.04242715379072325;
Res[8,37]:=0.042572919032730444;
Res[8,38]:=0.04271186110969844;
Res[8,39]:=0.04284444715008009;
Res[8,40]:=0.04297110268249528;
Res[8,41]:=0.04309221615583985;
Res[8,42]:=0.043208142883830694;
Res[8,43]:=0.043319208497527066;
Res[8,44]:=0.04342571197582268;
Res[8,45]:=0.04352792831277353;
Res[8,46]:=0.04362611087144611;
Res[8,47]:=0.043720493466364745;
Res[8,48]:=0.043811292210316134;
Res[8,49]:=0.04389870715599233;
Res[8,50]:=0.043982923758537865;
Res[8,51]:=0.0440641141813544;
Res[8,52]:=0.044142438464388666;
Res[8,53]:=0.044218045571485474;
Res[8,54]:=0.0442910743311431;
Res[8,55]:=0.044361654283101765;
Res[8,56]:=0.04442990644156795;
Res[8,57]:=0.04449594398448612;
Res[8,58]:=0.0445598728770749;
Res[8,59]:=0.044621792436819845;
Res[8,60]:=0.04468179584622967;
Res[8,61]:=0.04473997061889947;
Res[8,62]:=0.044796399023762014;
Res[8,63]:=0.044851158471835656;
Res[8,64]:=0.04490432186927621;
Res[8,65]:=0.04495595794010596;
Res[8,66]:=0.04500613152161335;
Res[8,67]:=0.04505490383508282;
Res[8,68]:=0.04510233273422396;
Res[8,69]:=0.04514847293341218;
Res[8,70]:=0.045193376217628214;
Res[8,71]:=0.045237091635784196;
Res[8,72]:=0.0452796656789497;
Res[8,73]:=0.04532114244483435;
Res[8,74]:=0.045361563789747456;
Res[8,75]:=0.045400969469132385;
Res[8,76]:=0.04543939726766427;
Res[8,77]:=0.04547688311980432;
Res[8,78]:=0.045513461221616765;
Res[8,79]:=0.045549164134578116;
Res[8,80]:=0.04558402288203941;
Res[8,81]:=0.045618067038940724;
Res[8,82]:=0.04565132481532219;
Res[8,83]:=0.04568382313412565;
Res[8,84]:=0.04571558770373705;
Res[8,85]:=0.04574664308567991;
Res[8,86]:=0.045777012757833156;
Res[8,87]:=0.0458067191735147;
Res[8,88]:=0.04583578381674301;
Res[8,89]:=0.04586422725396159;
Res[8,90]:=0.045892069182487547;
Res[8,91]:=0.04591932847592382;
Res[8,92]:=0.04594602322675486;
Res[8,93]:=0.04597217078632685;
Res[8,94]:=0.04599778780239852;
Res[8,95]:=0.046022890254432354;
Res[8,96]:=0.04604749348678384;
Res[8,97]:=0.04607161223993259;
Res[8,98]:=0.046095260679889526;
Res[8,99]:=0.046118452425902436;
Res[8,100]:=0.04614120057657423;
Res[9,0]:=0.0028382399999999997;
Res[9,1]:=0.0091940371875;
Res[9,2]:=0.014582708916323734;
Res[9,3]:=0.01877265561767578;
Res[9,4]:=0.0221021326491648;
Res[9,5]:=0.024817269667781205;
Res[9,6]:=0.027072078351485156;
Res[9,7]:=0.028971664598407748;
Res[9,8]:=0.03059156656040212;
Res[9,9]:=0.0319877204164056;
Res[9,10]:=0.03320240851881476;
Res[9,11]:=0.03426812249718351;
Res[9,12]:=0.03521018912414711;
Res[9,13]:=0.036048605081695204;
Res[9,14]:=0.036799344508713645;
Res[9,15]:=0.0374753059685196;
Res[9,16]:=0.03808700808715283;
Res[9,17]:=0.03864310724550424;
Res[9,18]:=0.03915078751683258;
Res[9,19]:=0.0396160577028176;
Res[9,20]:=0.04004398000029239;
Res[9,21]:=0.04043884778385577;
Res[9,22]:=0.040804325114440654;
Res[9,23]:=0.04114355716980638;
Res[9,24]:=0.041459258374245286;
Res[9,25]:=0.04175378327244266;
Res[9,26]:=0.042029183938644084;
Res[9,27]:=0.04228725679580393;
Res[9,28]:=0.04252958104310363;
Res[9,29]:=0.04275755038667139;
Res[9,30]:=0.042972399390167525;
Res[9,31]:=0.04317522547556861;
Res[9,32]:=0.04336700738600211;
Res[9,33]:=0.04354862075453378;
Res[9,34]:=0.043720851292794995;
Res[9,35]:=0.04388440601201219;
Res[9,36]:=0.04403992280952529;
Res[9,37]:=0.04418797869116822;
Res[9,38]:=0.04432909685010341;
Res[9,39]:=0.044463752782970545;
Res[9,40]:=0.04459237959232868;
Res[9,41]:=0.044715372598656926;
Res[9,42]:=0.04483309336434208;
Res[9,43]:=0.04494587321511418;
Res[9,44]:=0.04505401633051485;
Res[9,45]:=0.04515780246358557;
Res[9,46]:=0.04525748934056378;
Res[9,47]:=0.04535331478359027;
Res[9,48]:=0.04544549859296361;
Res[9,49]:=0.045534244220079845;
Res[9,50]:=0.0456197402576786;
Res[9,51]:=0.04570216177022246;
Res[9,52]:=0.04578167148403873;
Res[9,53]:=0.04585842085414922;
Res[9,54]:=0.04593255102242205;
Res[9,55]:=0.04600419367973051;
Res[9,56]:=0.04607347184314139;
Res[9,57]:=0.04614050055773367;
Res[9,58]:=0.04620538753143031;
Res[9,59]:=0.046268233710177714;
Res[9,60]:=0.046329133799905185;
Res[9,61]:=0.046388176740915735;
Res[9,62]:=0.04644544613968682;
Res[9,63]:=0.04650102066247088;
Res[9,64]:=0.0465549743945783;
Res[9,65]:=0.046607377168780564;
Res[9,66]:=0.04665829486588345;
Res[9,67]:=0.04670778969018167;
Res[9,68]:=0.046755920422207865;
Res[9,69]:=0.046802742650928854;
Res[9,70]:=0.04684830898731091;
Res[9,71]:=0.04689266926097453;
Res[9,72]:=0.04693587070147864;
Res[9,73]:=0.046977958105617855;
Res[9,74]:=0.04701897399197404;
Res[9,75]:=0.04705895874384088;
Res[9,76]:=0.047097950741528324;
Res[9,77]:=0.04713598648495579;
Res[9,78]:=0.047173100707355343;
Res[9,79]:=0.04720932648082747;
Res[9,80]:=0.04724469531442201;
Res[9,81]:=0.047279237245354704;
Res[9,82]:=0.04731298092391239;
Res[9,83]:=0.047345953692551096;
Res[9,84]:=0.04737818165964402;
Res[9,85]:=0.04740968976829767;
Res[9,86]:=0.04744050186061555;
Res[9,87]:=0.04747064073775753;
Res[9,88]:=0.04750012821611182;
Res[9,89]:=0.04752898517986976;
Res[9,90]:=0.04755723163026968;
Res[9,91]:=0.04758488673175262;
Res[9,92]:=0.0476119688552543;
Res[9,93]:=0.04763849561883769;
Res[9,94]:=0.04766448392585516;
Res[9,95]:=0.04768995000081349;
Res[9,96]:=0.047714909423101505;
Res[9,97]:=0.04773937715872719;
Res[9,98]:=0.04776336759020043;
Res[9,99]:=0.04778689454468566;
Res[9,100]:=0.04780997132054126;
Res[10,0]:=0.0031700855911820144;
Res[10,1]:=0.009842980479311238;
Res[10,2]:=0.01540603405793916;
Res[10,3]:=0.019708500219987275;
Res[10,4]:=0.02311818169030281;
Res[10,5]:=0.02589339562089465;
Res[10,6]:=0.02819474952837027;
Res[10,7]:=0.030131358925365847;
Res[10,8]:=0.031781351953957614;
Res[10,9]:=0.03320240851881476;
Res[10,10]:=0.03443802406368492;
Res[10,11]:=0.03552155776781904;
Res[10,12]:=0.03647897180817017;
Res[10,13]:=0.0373307380573162;
Res[10,14]:=0.03809319263101075;
Res[10,15]:=0.03877951437312326;
Res[10,16]:=0.039400442122884766;
Res[10,17]:=0.03996480756081258;
Res[10,18]:=0.040479935963743545;
Res[10,19]:=0.04095195109490037;
Res[10,20]:=0.041386009661556554;
Res[10,21]:=0.04178648342791447;
Res[10,22]:=0.042157102003686026;
Res[10,23]:=0.042501065788647;
Res[10,24]:=0.04282113605044745;
Res[10,25]:=0.04311970732330862;
Res[10,26]:=0.043398866021915554;
Res[10,27]:=0.04366043822066644;
Res[10,28]:=0.04390602885253752;
Res[10,29]:=0.04413705406418785;
Res[10,30]:=0.044354768075537024;
Res[10,31]:=0.044560285598221235;
Res[10,32]:=0.04475460064329105;
Res[10,33]:=0.044938602376407906;
Res[10,34]:=0.04511308854564267;
Res[10,35]:=0.045278776903264865;
Res[10,36]:=0.0454363149616053;
Res[10,37]:=0.045586288358943086;
Res[10,38]:=0.04572922806048614;
Res[10,39]:=0.04586561657891848;
Res[10,40]:=0.04599589336642551;
Res[10,41]:=0.04612045950385485;
Res[10,42]:=0.04623968179140302;
Res[10,43]:=0.04635389632790382;
Res[10,44]:=0.04646341165164111;
Res[10,45]:=0.046568511503984375;
Res[10,46]:=0.04666945726756215;
Res[10,47]:=0.04676649012275438;
Res[10,48]:=0.046859832959692406;
Res[10,49]:=0.04694969207745706;
Res[10,50]:=0.04703625869756322;
Res[10,51]:=0.0471197103149546;
Res[10,52]:=0.0472002119064769;
Res[10,53]:=0.047277917014044005;
Res[10,54]:=0.04735296871738073;
Res[10,55]:=0.047425500509239556;
Res[10,56]:=0.047495637084299026;
Res[10,57]:=0.0475634950515041;
Res[10,58]:=0.04762918357836901;
Res[10,59]:=0.04769280497469806;
Res[10,60]:=0.047754455222260586;
Res[10,61]:=0.0478142244561642;
Res[10,62]:=0.04787219740298341;
Res[10,63]:=0.04792845378010515;
Res[10,64]:=0.047983068660234815;
Res[10,65]:=0.04803611280455515;
Res[10,66]:=0.04808765296763614;
Res[10,67]:=0.04813775217684916;
Res[10,68]:=0.048186469988736755;
Res[10,69]:=0.04823386272452355;
Res[10,70]:=0.048279983686720346;
Res[10,71]:=0.048324883358567855;
Res[10,72]:=0.048368609587884075;
Res[10,73]:=0.04841120775671946;
Res[10,74]:=0.048452720938080486;
Res[10,75]:=0.048493190040857025;
Res[10,76]:=0.04853265394397544;
Res[10,77]:=0.048571149620700145;
Res[10,78]:=0.04860871225391692;
Res[10,79]:=0.0486453753431519;
Res[10,80]:=0.048681170804008675;
Res[10,81]:=0.04871612906064272;
Res[10,82]:=0.048750279131834946;
Res[10,83]:=0.048783648711175395;
Res[10,84]:=0.04881626424182132;
Res[10,85]:=0.04884815098625332;
Res[10,86]:=0.04887933309141562;
Res[10,87]:=0.04890983364959216;
Res[10,88]:=0.04893967475534128;
Res[10,89]:=0.04896887755878288;
Res[10,90]:=0.048997462315507875;
Res[10,91]:=0.04902544843335713;
Res[10,92]:=0.04905285451629614;
Res[10,93]:=0.04907969840559406;
Res[10,94]:=0.04910599721849783;
Res[10,95]:=0.04913176738457761;
Res[10,96]:=0.049157024679905424;
Res[10,97]:=0.04918178425921582;
Res[10,98]:=0.049206060686186735;
Res[10,99]:=0.04922986796196685;
Res[10,100]:=0.04925321955206734;
Res[11,0]:=0.0034757386509773665;
Res[11,1]:=0.010424160444959961;
Res[11,2]:=0.016137123142803342;
Res[11,3]:=0.020536063619683635;
Res[11,4]:=0.024014383404635343;
Res[11,5]:=0.026840937157902454;
Res[11,6]:=0.02918202378478614;
Res[11,7]:=0.03115021079901847;
Res[11,8]:=0.03282585177001255;
Res[11,9]:=0.03426812249718351;
Res[11,10]:=0.03552155776781904;
Res[11,11]:=0.03662025927946033;
Res[11,12]:=0.03759073257151953;
Res[11,13]:=0.038453855580985144;
Res[11,14]:=0.03922627355488377;
Res[11,15]:=0.03992140457364624;
Res[11,16]:=0.04055017535643755;
Res[11,17]:=0.04112156708507025;
Res[11,18]:=0.041643025417029335;
Res[11,19]:=0.042120772093259026;
Res[11,20]:=0.042560044346348164;
Res[11,21]:=0.042965280713519086;
Res[11,22]:=0.04334026662673568;
Res[11,23]:=0.0436882495037683;
Res[11,24]:=0.04401203048873579;
Res[11,25]:=0.044314038151870516;
Res[11,26]:=0.044596388131054696;
Res[11,27]:=0.044860931729835435;
Res[11,28]:=0.04510929577393193;
Res[11,29]:=0.045342915498567254;
Res[11,30]:=0.045563061841824994;
Res[11,31]:=0.045770864218990286;
Res[11,32]:=0.04596732962404337;
Res[11,33]:=0.04615335872881344;
Res[11,34]:=0.04632975951446677;
Res[11,35]:=0.0464972588642483;
Res[11,36]:=0.04665651246352526;
Res[11,37]:=0.046808113287841686;
Res[11,38]:=0.04695259890786904;
Res[11,39]:=0.04709045779880725;
Res[11,40]:=0.047222134808645934;
Res[11,41]:=0.047348035912982686;
Res[11,42]:=0.047468532362459404;
Res[11,43]:=0.047583964311269766;
Res[11,44]:=0.04769464400079909;
Res[11,45]:=0.047800858560641965;
Res[11,46]:=0.04790287247950241;
Res[11,47]:=0.04800092979041929;
Res[11,48]:=0.04809525600806273;
Res[11,49]:=0.04818605985026099;
Res[11,50]:=0.04827353477124458;
Res[11,51]:=0.04835786033016929;
Res[11,52]:=0.0484392034151742;
Res[11,53]:=0.04851771934043653;
Res[11,54]:=0.04859355283131753;
Res[11,55]:=0.04866683891067923;
Res[11,56]:=0.0487377036977363;
Res[11,57]:=0.04880626512933924;
Res[11,58]:=0.04887263361232699;
Res[11,59]:=0.04893691261450648;
Res[11,60]:=0.04899919920088463;
Res[11,61]:=0.04905958452097521;
Res[11,62]:=0.049118154252304536;
Res[11,63]:=0.0491749890046387;
Res[11,64]:=0.04923016468892752;
Res[11,65]:=0.049283752854504245;
Res[11,66]:=0.04933582099767979;
Res[11,67]:=0.04938643284452103;
Res[11,68]:=0.04943564861029657;
Res[11,69]:=0.049483525237803576;
Res[11,70]:=0.04953011661655328;
Res[11,71]:=0.049575473784583886;
Res[11,72]:=0.049619645114485265;
Res[11,73]:=0.049662676485056886;
Res[11,74]:=0.049704611439876485;
Res[11,75]:=0.049745491333928187;
Res[11,76]:=0.049785355469326026;
Res[11,77]:=0.04982424122106633;
Res[11,78]:=0.04986218415365311;
Res[11,79]:=0.049899218129359636;
Res[11,80]:=0.04993537540881735;
Res[11,81]:=0.0499706867445584;
Res[11,82]:=0.05000518146808157;
Res[11,83]:=0.050038887570957626;
Res[11,84]:=0.050071831780445226;
Res[11,85]:=0.050104039630045505;
Res[11,86]:=0.050135535525386195;
Res[11,87]:=0.05016634280579158;
Res[11,88]:=0.05019648380186473;
Res[11,89]:=0.0502259798893794;
Res[11,90]:=0.050254851539754855;
Res[11,91]:=0.05028311836736357;
Res[11,92]:=0.05031079917390105;
Res[11,93]:=0.05033791199002837;
Res[11,94]:=0.0503644741144815;
Res[11,95]:=0.05039050215082415;
Res[11,96]:=0.05041601204200942;
Res[11,97]:=0.05044101910290021;
Res[11,98]:=0.05046553805088789;
Res[11,99]:=0.05048958303473781;
Res[11,100]:=0.050513167661780066;
Res[12,0]:=0.0037570927771886625;
Res[12,1]:=0.010946867278154158;
Res[12,2]:=0.016789981796093534;
Res[12,3]:=0.021272497504038996;
Res[12,4]:=0.02481018449309455;
Res[12,5]:=0.02768108999350912;
Res[12,6]:=0.030056469566470824;
Res[12,7]:=0.03205189144831867;
Res[12,8]:=0.03374964054099214;
Res[12,9]:=0.03521018912414711;
Res[12,10]:=0.03647897180817017;
Res[12,11]:=0.03759073257151953;
Res[12,12]:=0.03857244662434138;
Res[12,13]:=0.03944534268428669;
Res[12,14]:=0.04022633290547325;
Res[12,15]:=0.04092904183621766;
Res[12,16]:=0.04156455827900073;
Res[12,17]:=0.04214199234632894;
Res[12,18]:=0.04266889348159781;
Res[12,19]:=0.04315156787455948;
